1e-05 985.752
1e-05 985.748
1e-05 985.744
1e-05 985.739
1e-05 985.731
1e-05 985.722
1e-05 985.711
1e-05 985.699
1e-05 985.685
1e-05 985.67
1e-05 985.653
1e-05 985.636
1e-05 985.616
1e-05 985.596
1e-05 985.575
1e-05 985.552
1e-05 985.529
1e-05 985.504
1e-05 985.478
1e-05 985.451
1e-05 985.424
1e-05 985.395
1e-05 985.365
1e-05 985.335
1e-05 985.303
1e-05 985.27
1e-05 985.237
1e-05 985.202
1e-05 985.167
1e-05 985.13
1e-05 985.093
1e-05 985.054
1e-05 985.015
1e-05 984.974
1e-05 984.933
1e-05 984.89
1e-05 984.847
1e-05 984.802
1e-05 984.757
1e-05 984.71
1e-05 984.662
1e-05 984.613
1e-05 984.563
1e-05 984.512
1e-05 984.46
1e-05 984.406
1e-05 984.352
1e-05 984.296
1e-05 984.239
1e-05 984.18
1e-05 984.12
1e-05 984.059
1e-05 983.997
1e-05 983.933
1e-05 983.868
1e-05 983.801
1e-05 983.733
1e-05 983.664
1e-05 983.593
1e-05 983.52
1e-05 983.446
1e-05 983.37
1e-05 983.292
1e-05 983.213
1e-05 983.132
1e-05 983.05
1e-05 982.965
1e-05 982.879
1e-05 982.791
1e-05 982.701
1e-05 982.609
1e-05 982.515
1e-05 982.419
1e-05 982.321
1e-05 982.221
1e-05 982.119
1e-05 982.014
1e-05 981.907
1e-05 981.798
1e-05 981.687
1e-05 981.573
1e-05 981.457
1e-05 981.338
1e-05 981.217
1e-05 981.093
1e-05 980.966
1e-05 980.837
1e-05 980.704
1e-05 980.569
1e-05 980.431
1e-05 980.29
1e-05 980.146
1e-05 979.999
1e-05 979.849
1e-05 979.695
1e-05 979.538
1e-05 979.378
1e-05 979.214
1e-05 979.047
1e-05 978.876
1e-05 978.701
1e-05 978.522
1e-05 978.339
1e-05 978.152
1e-05 977.961
1e-05 977.766
1e-05 977.566
1e-05 977.362
1e-05 977.153
1e-05 976.939
1e-05 976.721
1e-05 976.497
1e-05 976.268
1e-05 976.033
1e-05 975.793
1e-05 975.547
1e-05 975.295
1e-05 975.037
1e-05 974.772
1e-05 974.5
1e-05 974.221
1e-05 973.935
1e-05 973.641
1e-05 973.338
1e-05 973.027
1e-05 972.707
1e-05 972.377
1e-05 972.037
1e-05 971.685
1e-05 971.323
1e-05 970.947
1e-05 970.559
1e-05 970.156
1e-05 969.737
1e-05 969.302
1e-05 968.848
1e-05 968.375
1e-05 967.88
1e-05 967.361
1e-05 966.816
1e-05 966.243
1e-05 965.638
1e-05 964.998
1e-05 964.319
1e-05 963.596
1e-05 962.826
1e-05 962.002
1e-05 961.119
1e-05 960.168
1e-05 959.142
1e-05 958.033
1e-05 956.829
1e-05 955.52
1e-05 954.093
1e-05 952.533
1e-05 950.825
1e-05 948.952
1e-05 946.894
1e-05 944.63
1e-05 942.137
1e-05 939.391
1e-05 936.365
1e-05 933.031
1e-05 929.36
1e-05 925.319
1e-05 920.879
1e-05 916.006
1e-05 910.668
1e-05 904.835
1e-05 898.478
1e-05 891.569
1e-05 884.087
1e-05 876.017
1e-05 867.349
1e-05 858.084
1e-05 848.235
1e-05 837.826
1e-05 826.9
1e-05 815.517
1e-05 803.76
1e-05 791.742
1e-05 779.604
1e-05 767.52
1e-05 755.692
1e-05 744.339
1e-05 733.678
1e-05 723.905
1e-05 715.181
1e-05 707.621
1e-05 701.297
1e-05 696.242
1e-05 692.441
1e-05 689.799
1e-05 688.126
1e-05 687.159
1e-05 686.611
1e-05 686.231
1e-05 685.828
1e-05 685.276
1e-05 684.504
1e-05 683.481
1e-05 682.204
1e-05 680.69
1e-05 678.969
1e-05 677.077
1e-05 675.056
1e-05 672.946
1e-05 670.786
1e-05 668.608
1e-05 666.44
1e-05 664.301
1e-05 662.207
1e-05 660.166
1e-05 658.182
1e-05 656.253
1e-05 654.371
1e-05 652.525
1e-05 650.698
1e-05 648.875
1e-05 647.039
1e-05 645.178
1e-05 643.285
1e-05 641.359
1e-05 639.399
1e-05 637.411
1e-05 635.396
1e-05 633.356
1e-05 631.292
1e-05 629.202
1e-05 627.083
1e-05 624.934
1e-05 622.755
1e-05 620.544
1e-05 618.3
1e-05 616.02
1e-05 613.696
1e-05 611.318
1e-05 608.871
1e-05 606.338
1e-05 603.695
1e-05 600.917
1e-05 597.973
1e-05 594.827
1e-05 591.436
1e-05 587.758
1e-05 583.762
1e-05 579.446
1e-05 574.87
1e-05 570.175
1e-05 565.571
1e-05 561.282
1e-05 557.492
1e-05 554.315
1e-05 551.787
1e-05 549.881
1e-05 548.52
1e-05 547.602
1e-05 547.011
1e-05 546.636
1e-05 546.383
1e-05 546.175
1e-05 545.959
1e-05 545.705
1e-05 545.398
1e-05 545.037
1e-05 544.627
1e-05 544.18
1e-05 543.706
1e-05 543.216
1e-05 542.716
1e-05 542.213
1e-05 541.708
1e-05 541.204
1e-05 540.699
1e-05 540.194
1e-05 539.688
1e-05 539.179
1e-05 538.667
1e-05 538.153
1e-05 537.636
1e-05 537.116
1e-05 536.592
1e-05 536.063
1e-05 535.53
1e-05 534.991
1e-05 534.446
1e-05 533.892
1e-05 533.33
1e-05 532.76
1e-05 532.179
1e-05 531.589
1e-05 530.988
1e-05 530.377
1e-05 529.755
1e-05 529.123
1e-05 528.479
1e-05 527.825
1e-05 527.159
1e-05 526.482
1e-05 525.794
1e-05 525.094
1e-05 524.385
1e-05 523.665
1e-05 522.935
1e-05 522.196
1e-05 521.448
1e-05 520.692
1e-05 519.93
1e-05 519.161
1e-05 518.387
1e-05 517.608
1e-05 516.826
1e-05 516.041
1e-05 515.255
1e-05 514.468
1e-05 513.681
1e-05 512.896
1e-05 512.112
1e-05 511.332
1e-05 510.556
1e-05 509.784
1e-05 509.018
1e-05 508.258
1e-05 507.505
1e-05 506.76
1e-05 506.022
1e-05 505.293
1e-05 504.572
1e-05 503.86
1e-05 503.157
1e-05 502.464
1e-05 501.78
1e-05 501.105
1e-05 500.44
1e-05 499.784
1e-05 499.137
1e-05 498.499
1e-05 497.87
1e-05 497.249
1e-05 496.637
1e-05 496.032
1e-05 495.436
1e-05 494.848
1e-05 494.267
1e-05 493.693
1e-05 493.127
1e-05 492.567
1e-05 492.014
1e-05 491.467
1e-05 490.926
1e-05 490.392
1e-05 489.863
1e-05 489.34
1e-05 488.823
1e-05 488.31
1e-05 487.803
1e-05 487.301
1e-05 486.803
1e-05 486.31
1e-05 485.822
1e-05 485.337
1e-05 484.857
1e-05 484.38
1e-05 483.908
1e-05 483.439
1e-05 482.973
1e-05 482.511
1e-05 482.052
1e-05 481.596
1e-05 481.143
1e-05 480.693
1e-05 480.245
1e-05 479.8
1e-05 479.358
1e-05 478.917
1e-05 478.48
1e-05 478.044
1e-05 477.61
1e-05 477.179
1e-05 476.749
1e-05 476.322
1e-05 475.896
1e-05 475.472
1e-05 475.05
1e-05 474.629
1e-05 474.21
1e-05 473.793
1e-05 473.377
1e-05 472.963
1e-05 472.55
1e-05 472.139
1e-05 471.729
1e-05 471.321
1e-05 470.914
1e-05 470.509
1e-05 470.104
1e-05 469.702
1e-05 469.3
1e-05 468.9
1e-05 468.501
1e-05 468.103
1e-05 467.707
1e-05 467.312
1e-05 466.919
1e-05 466.526
1e-05 466.135
1e-05 465.745
1e-05 465.357
1e-05 464.97
1e-05 464.584
1e-05 464.199
1e-05 463.816
1e-05 463.434
1e-05 463.053
1e-05 462.674
1e-05 462.296
1e-05 461.92
1e-05 461.544
1e-05 461.171
1e-05 460.798
1e-05 460.427
1e-05 460.057
1e-05 459.689
1e-05 459.322
1e-05 458.957
1e-05 458.592
1e-05 458.23
1e-05 457.869
1e-05 457.509
1e-05 457.15
1e-05 456.794
1e-05 456.438
1e-05 456.084
1e-05 455.731
1e-05 455.38
1e-05 455.031
1e-05 454.682
1e-05 454.336
1e-05 453.99
1e-05 453.646
1e-05 453.304
1e-05 452.963
1e-05 452.624
1e-05 452.285
1e-05 451.949
1e-05 451.614
1e-05 451.28
1e-05 450.947
1e-05 450.617
1e-05 450.287
1e-05 449.959
1e-05 449.632
1e-05 449.307
1e-05 448.983
1e-05 448.661
1e-05 448.339
1e-05 448.02
1e-05 447.701
1e-05 447.384
1e-05 447.068
1e-05 446.754
1e-05 446.441
1e-05 446.129
1e-05 445.818
1e-05 445.509
1e-05 445.201
1e-05 444.895
1e-05 444.589
1e-05 444.285
1e-05 443.982
1e-05 443.68
1e-05 443.38
1e-05 443.08
1e-05 442.782
1e-05 442.485
1e-05 442.189
1e-05 441.894
1e-05 441.6
1e-05 441.308
1e-05 441.016
1e-05 440.726
1e-05 440.436
1e-05 440.148
1e-05 439.861
1e-05 439.574
1e-05 439.289
1e-05 439.005
1e-05 438.721
1e-05 438.439
1e-05 438.157
1e-05 437.876
1e-05 437.597
1e-05 437.318
1e-05 437.04
1e-05 436.763
1e-05 436.486
1e-05 436.211
1e-05 435.936
1e-05 435.662
1e-05 435.389
1e-05 435.116
1e-05 434.844
1e-05 434.573
1e-05 434.303
1e-05 434.033
1e-05 433.764
1e-05 433.496
1e-05 433.228
1e-05 432.961
1e-05 432.695
1e-05 432.429
1e-05 432.164
1e-05 431.899
1e-05 431.635
1e-05 431.371
1e-05 431.108
1e-05 430.845
1e-05 430.583
1e-05 430.321
1e-05 430.06
1e-05 429.799
1e-05 429.539
1e-05 429.279
1e-05 429.019
1e-05 428.76
1e-05 428.501
1e-05 428.243
1e-05 427.984
1e-05 427.727
1e-05 427.469
1e-05 427.212
1e-05 426.955
1e-05 426.698
1e-05 426.442
1e-05 426.186
1e-05 425.93
1e-05 425.674
1e-05 425.419
1e-05 425.163
1e-05 424.908
1e-05 424.653
1e-05 424.399
1e-05 424.144
1e-05 423.89
1e-05 423.635
1e-05 423.381
1e-05 423.127
1e-05 422.873
1e-05 422.619
1e-05 422.365
1e-05 422.111
1e-05 421.858
1e-05 421.604
1e-05 421.35
1e-05 421.097
1e-05 420.843
1e-05 420.589
1e-05 420.336
1e-05 420.082
1e-05 419.828
1e-05 419.575
1e-05 419.321
1e-05 419.067
1e-05 418.813
1e-05 418.559
1e-05 418.305
1e-05 418.051
1e-05 417.796
1e-05 417.542
1e-05 417.287
1e-05 417.032
1e-05 416.777
1e-05 416.522
1e-05 416.267
1e-05 416.012
1e-05 415.756
1e-05 415.5
1e-05 415.244
1e-05 414.988
1e-05 414.731
1e-05 414.475
1e-05 414.218
1e-05 413.961
1e-05 413.703
1e-05 413.445
1e-05 413.187
1e-05 412.929
1e-05 412.67
1e-05 412.411
1e-05 412.151
1e-05 411.892
1e-05 411.631
1e-05 411.371
1e-05 411.11
1e-05 410.849
1e-05 410.587
1e-05 410.325
1e-05 410.062
1e-05 409.799
1e-05 409.535
1e-05 409.271
1e-05 409.007
1e-05 408.741
1e-05 408.476
1e-05 408.21
1e-05 407.943
1e-05 407.675
1e-05 407.407
1e-05 407.138
1e-05 406.869
1e-05 406.599
1e-05 406.328
1e-05 406.056
1e-05 405.784
1e-05 405.511
1e-05 405.237
1e-05 404.962
1e-05 404.686
1e-05 404.409
1e-05 404.131
1e-05 403.852
1e-05 403.572
1e-05 403.291
1e-05 403.009
1e-05 402.725
1e-05 402.44
1e-05 402.154
1e-05 401.866
1e-05 401.577
1e-05 401.286
1e-05 400.993
1e-05 400.699
1e-05 400.402
1e-05 400.104
1e-05 399.803
1e-05 399.501
1e-05 399.195
1e-05 398.888
1e-05 398.577
1e-05 398.264
1e-05 397.947
1e-05 397.627
1e-05 397.303
1e-05 396.976
1e-05 396.644
1e-05 396.308
1e-05 395.966
1e-05 395.62
1e-05 395.268
1e-05 394.91
1e-05 394.545
1e-05 394.173
1e-05 393.793
1e-05 393.405
1e-05 393.008
1e-05 392.6
1e-05 392.182
1e-05 391.753
1e-05 391.311
1e-05 390.855
1e-05 390.385
1e-05 389.9
1e-05 389.398
1e-05 388.879
1e-05 388.341
1e-05 387.785
1e-05 387.208
1e-05 386.61
1e-05 385.992
1e-05 385.352
1e-05 384.69
1e-05 384.008
1e-05 383.304
1e-05 382.581
1e-05 381.838
1e-05 381.078
1e-05 380.3
1e-05 379.507
1e-05 378.701
1e-05 377.881
1e-05 377.051
1e-05 376.212
1e-05 375.364
1e-05 374.51
1e-05 373.65
1e-05 372.785
1e-05 371.917
1e-05 371.047
1e-05 370.176
1e-05 369.304
1e-05 368.432
1e-05 367.561
1e-05 366.693
1e-05 365.828
1e-05 364.968
1e-05 364.112
1e-05 363.263
1e-05 362.422
1e-05 361.589
1e-05 360.766
1e-05 359.953
1e-05 359.153
1e-05 358.364
1e-05 357.589
1e-05 356.827
1e-05 356.079
1e-05 355.346
1e-05 354.628
1e-05 353.925
1e-05 353.236
1e-05 352.562
1e-05 351.903
1e-05 351.258
1e-05 350.626
1e-05 350.008
1e-05 349.403
1e-05 348.811
1e-05 348.23
1e-05 347.661
1e-05 347.104
1e-05 346.557
1e-05 346.02
1e-05 345.493
1e-05 344.975
1e-05 344.466
1e-05 343.965
1e-05 343.471
1e-05 342.985
1e-05 342.506
1e-05 342.033
1e-05 341.565
1e-05 341.103
1e-05 340.645
1e-05 340.192
1e-05 339.743
1e-05 339.298
1e-05 338.856
1e-05 338.416
1e-05 337.979
1e-05 337.545
1e-05 337.112
1e-05 336.681
1e-05 336.252
1e-05 335.824
1e-05 335.398
1e-05 334.972
1e-05 334.547
1e-05 334.123
1e-05 333.7
1e-05 333.277
1e-05 332.854
1e-05 332.432
1e-05 332.01
1e-05 331.589
1e-05 331.168
1e-05 330.747
1e-05 330.326
1e-05 329.905
1e-05 329.484
1e-05 329.063
1e-05 328.643
1e-05 328.222
1e-05 327.802
1e-05 327.382
1e-05 326.962
1e-05 326.542
1e-05 326.122
1e-05 325.702
1e-05 325.283
1e-05 324.863
1e-05 324.444
1e-05 324.025
1e-05 323.606
1e-05 323.187
1e-05 322.768
1e-05 322.349
1e-05 321.93
1e-05 321.512
1e-05 321.093
1e-05 320.674
1e-05 320.255
1e-05 319.836
1e-05 319.418
1e-05 318.999
1e-05 318.579
1e-05 318.16
1e-05 317.74
1e-05 317.321
1e-05 316.9
1e-05 316.48
1e-05 316.059
1e-05 315.638
1e-05 315.216
1e-05 314.793
1e-05 314.37
1e-05 313.946
1e-05 313.522
1e-05 313.097
1e-05 312.671
1e-05 312.243
1e-05 311.815
1e-05 311.386
1e-05 310.956
1e-05 310.524
1e-05 310.091
1e-05 309.657
1e-05 309.221
1e-05 308.784
1e-05 308.345
1e-05 307.904
1e-05 307.462
1e-05 307.017
1e-05 306.57
1e-05 306.122
1e-05 305.67
1e-05 305.217
1e-05 304.76
1e-05 304.301
1e-05 303.839
1e-05 303.374
1e-05 302.906
1e-05 302.434
1e-05 301.959
1e-05 301.48
1e-05 300.997
1e-05 300.51
1e-05 300.018
1e-05 299.522
1e-05 299.02
1e-05 298.514
1e-05 298.001
1e-05 297.483
1e-05 296.958
1e-05 296.427
1e-05 295.889
1e-05 295.343
1e-05 294.788
1e-05 294.225
1e-05 293.653
1e-05 293.071
1e-05 292.478
1e-05 291.873
1e-05 291.257
1e-05 290.626
1e-05 289.981
1e-05 289.32
1e-05 288.642
1e-05 287.945
1e-05 287.228
1e-05 286.487
1e-05 285.722
1e-05 284.929
1e-05 284.106
1e-05 283.25
1e-05 282.356
1e-05 281.421
1e-05 280.441
1e-05 279.41
1e-05 278.326
1e-05 277.184
1e-05 275.982
1e-05 274.717
1e-05 273.393
1e-05 272.014
1e-05 270.589
1e-05 269.131
1e-05 267.655
1e-05 266.177
1e-05 264.716
1e-05 263.284
1e-05 261.895
1e-05 260.557
1e-05 259.276
1e-05 258.054
1e-05 256.891
1e-05 255.787
1e-05 254.738
1e-05 253.743
1e-05 252.797
1e-05 251.898
1e-05 251.041
1e-05 250.223
1e-05 249.441
1e-05 248.693
1e-05 247.976
1e-05 247.288
1e-05 246.627
1e-05 245.991
1e-05 245.378
1e-05 244.787
1e-05 244.218
1e-05 243.668
1e-05 243.136
1e-05 242.623
1e-05 242.127
1e-05 241.647
1e-05 241.183
1e-05 240.735
1e-05 240.3
1e-05 239.88
1e-05 239.474
1e-05 239.08
1e-05 238.7
1e-05 238.332
1e-05 237.975
1e-05 237.63
1e-05 237.297
1e-05 236.974
1e-05 236.662
1e-05 236.36
1e-05 236.068
1e-05 235.786
1e-05 235.513
1e-05 235.249
1e-05 234.994
1e-05 234.748
1e-05 234.51
1e-05 234.281
1e-05 234.059
1e-05 233.844
1e-05 233.637
1e-05 233.437
1e-05 233.243
1e-05 233.055
1e-05 232.874
1e-05 232.699
1e-05 232.529
1e-05 232.364
1e-05 232.205
1e-05 232.05
1e-05 231.9
1e-05 231.755
1e-05 231.613
1e-05 231.476
1e-05 231.343
1e-05 231.213
1e-05 231.087
1e-05 230.964
1e-05 230.844
1e-05 230.727
1e-05 230.613
1e-05 230.502
1e-05 230.394
1e-05 230.288
1e-05 230.185
1e-05 230.084
1e-05 229.985
1e-05 229.889
1e-05 229.794
1e-05 229.701
1e-05 229.611
1e-05 229.522
1e-05 229.435
1e-05 229.349
1e-05 229.266
1e-05 229.183
1e-05 229.102
1e-05 229.023
1e-05 228.945
1e-05 228.869
1e-05 228.793
1e-05 228.719
1e-05 228.646
1e-05 228.574
1e-05 228.504
1e-05 228.434
1e-05 228.366
1e-05 228.298
1e-05 228.232
1e-05 228.166
1e-05 228.102
1e-05 228.038
1e-05 227.975
1e-05 227.913
1e-05 227.852
1e-05 227.791
1e-05 227.731
1e-05 227.672
1e-05 227.614
1e-05 227.556
1e-05 227.5
1e-05 227.443
1e-05 227.388
1e-05 227.333
1e-05 227.278
1e-05 227.225
1e-05 227.172
1e-05 227.119
1e-05 227.067
1e-05 227.015
1e-05 226.964
1e-05 226.914
1e-05 226.864
1e-05 226.814
1e-05 226.765
1e-05 226.717
1e-05 226.669
1e-05 226.621
1e-05 226.574
1e-05 226.527
1e-05 226.48
1e-05 226.434
1e-05 226.389
1e-05 226.343
1e-05 226.298
1e-05 226.254
1e-05 226.21
1e-05 226.166
1e-05 226.123
1e-05 226.079
1e-05 226.037
1e-05 225.994
1e-05 225.952
1e-05 225.91
1e-05 225.868
1e-05 225.827
1e-05 225.786
1e-05 225.745
1e-05 225.705
1e-05 225.665
1e-05 225.625
1e-05 225.585
1e-05 225.546
1e-05 225.507
1e-05 225.468
1e-05 225.429
1e-05 225.39
1e-05 225.352
1e-05 225.314
1e-05 225.276
1e-05 225.239
1e-05 225.201
1e-05 225.164
1e-05 225.127
1e-05 225.09
1e-05 225.053
1e-05 225.017
1e-05 224.981
1e-05 224.944
1e-05 224.909
1e-05 224.873
1e-05 224.837
1e-05 224.802
1e-05 224.766
1e-05 224.731
1e-05 224.696
1e-05 224.661
1e-05 224.626
1e-05 224.592
1e-05 224.557
1e-05 224.523
1e-05 224.489
1e-05 224.454
1e-05 224.42
1e-05 224.387
1e-05 224.353
1e-05 224.319
1e-05 224.286
1e-05 224.252
1e-05 224.219
1e-05 224.186
1e-05 224.152
1e-05 224.119
1e-05 224.086
1e-05 224.053
1e-05 224.021
1e-05 223.988
1e-05 223.955
1e-05 223.923
1e-05 223.89
1e-05 223.858
1e-05 223.825
1e-05 223.793
1e-05 223.761
1e-05 223.729
1e-05 223.697
1e-05 223.665
1e-05 223.633
1e-05 223.601
1e-05 223.569
1e-05 223.537
1e-05 223.506
1e-05 223.474
1e-05 223.442
1e-05 223.411
1e-05 223.379
1e-05 223.348
1e-05 223.316
1e-05 223.285
1e-05 223.253
1e-05 223.222
1e-05 223.191
1e-05 223.16
1e-05 223.128
1e-05 223.097
1e-05 223.066
1e-05 223.035
1e-05 223.004
1e-05 222.973
1e-05 222.942
1e-05 222.911
1e-05 222.88
1e-05 222.849
1e-05 222.818
1e-05 222.787
1e-05 222.756
1e-05 222.725
1e-05 222.694
1e-05 222.663
1e-05 222.633
1e-05 222.602
1e-05 222.571
1e-05 222.54
1e-05 222.509
1e-05 222.479
1e-05 222.448
1e-05 222.417
1e-05 222.387
1e-05 222.356
1e-05 222.325
1e-05 222.294
1e-05 222.264
1e-05 222.233
1e-05 222.202
1e-05 222.172
1e-05 222.141
1e-05 222.11
1e-05 222.08
1e-05 222.049
1e-05 222.018
1e-05 221.988
1e-05 221.957
1e-05 221.926
1e-05 221.896
1e-05 221.865
1e-05 221.834
1e-05 221.804
1e-05 221.773
1e-05 221.743
1e-05 221.712
1e-05 221.681
1e-05 221.651
1e-05 221.62
1e-05 221.589
1e-05 221.559
1e-05 221.528
1e-05 221.497
1e-05 221.466
1e-05 221.436
1e-05 221.405
1e-05 221.374
1e-05 221.344
1e-05 221.313
1e-05 221.282
1e-05 221.251
1e-05 221.221
1e-05 221.19
1e-05 221.159
1e-05 221.129
1e-05 221.098
1e-05 221.067
1e-05 221.036
1e-05 221.005
1e-05 220.975
1e-05 220.944
1e-05 220.913
1e-05 220.882
1e-05 220.851
1e-05 220.82
1e-05 220.79
1e-05 220.759
1e-05 220.728
1e-05 220.697
1e-05 220.666
1e-05 220.635
1e-05 220.604
1e-05 220.573
1e-05 220.542
1e-05 220.511
1e-05 220.48
1e-05 220.45
1e-05 220.419
1e-05 220.388
1e-05 220.357
1e-05 220.326
1e-05 220.295
1e-05 220.264
1e-05 220.232
1e-05 220.201
1e-05 220.17
1e-05 220.139
1e-05 220.108
1e-05 220.077
1e-05 220.046
1e-05 220.015
1e-05 219.984
1e-05 219.953
1e-05 219.922
1e-05 219.89
1e-05 219.859
1e-05 219.828
1e-05 219.797
1e-05 219.766
1e-05 219.734
1e-05 219.703
1e-05 219.672
1e-05 219.641
1e-05 219.61
1e-05 219.578
1e-05 219.547
1e-05 219.516
1e-05 219.484
1e-05 219.453
1e-05 219.422
1e-05 219.39
1e-05 219.359
1e-05 219.328
1e-05 219.296
1e-05 219.265
1e-05 219.234
1e-05 219.202
1e-05 219.171
1e-05 219.14
1e-05 219.108
1e-05 219.077
1e-05 219.045
1e-05 219.014
1e-05 218.982
1e-05 218.951
1e-05 218.919
1e-05 218.888
1e-05 218.856
1e-05 218.825
1e-05 218.793
1e-05 218.762
1e-05 218.73
1e-05 218.699
1e-05 218.667
1e-05 218.636
1e-05 218.604
1e-05 218.573
1e-05 218.541
1e-05 218.51
1e-05 218.478
1e-05 218.446
1e-05 218.415
1e-05 218.383
1e-05 218.352
1e-05 218.32
1e-05 218.288
1e-05 218.257
1e-05 218.225
1e-05 218.193
1e-05 218.162
1e-05 218.13
1e-05 218.098
1e-05 218.067
1e-05 218.035
1e-05 218.003
1e-05 217.971
1e-05 217.94
1e-05 217.908
1e-05 217.876
1e-05 217.844
1e-05 217.813
1e-05 217.781
1e-05 217.749
1e-05 217.717
1e-05 217.686
1e-05 217.654
1e-05 217.622
1e-05 217.59
1e-05 217.558
1e-05 217.527
1e-05 217.495
1e-05 217.463
1e-05 217.431
1e-05 217.399
1e-05 217.368
1e-05 217.336
1e-05 217.304
1e-05 217.272
1e-05 217.24
1e-05 217.208
1e-05 217.176
1e-05 217.144
1e-05 217.113
1e-05 217.081
1e-05 217.049
1e-05 217.017
1e-05 216.985
1e-05 216.953
1e-05 216.921
1e-05 216.889
1e-05 216.857
1e-05 216.825
1e-05 216.793
1e-05 216.762
1e-05 216.73
1e-05 216.698
1e-05 216.666
1e-05 216.634
1e-05 216.602
1e-05 216.57
1e-05 216.538
1e-05 216.506
1e-05 216.474
1e-05 216.442
1e-05 216.41
1e-05 216.378
1e-05 216.346
1e-05 216.314
1e-05 216.282
1e-05 216.25
1e-05 216.218
1e-05 216.186
1e-05 216.154
1e-05 216.122
1e-05 216.09
1e-05 216.058
1e-05 216.026
1e-05 215.994
1e-05 215.962
1e-05 215.93
1e-05 215.898
1e-05 215.866
1e-05 215.834
1e-05 215.802
1e-05 215.769
1e-05 215.737
1e-05 215.705
1e-05 215.673
1e-05 215.641
1e-05 215.609
1e-05 215.577
1e-05 215.545
1e-05 215.513
1e-05 215.481
1e-05 215.449
1e-05 215.417
1e-05 215.385
1e-05 215.353
1e-05 215.32
1e-05 215.288
1e-05 215.256
1e-05 215.224
1e-05 215.192
1e-05 215.16
1e-05 215.128
1e-05 215.096
1e-05 215.064
1e-05 215.032
1e-05 215
1e-05 214.967
1e-05 214.935
1e-05 214.903
1e-05 214.871
1e-05 214.839
1e-05 214.807
1e-05 214.775
1e-05 214.743
1e-05 214.711
1e-05 214.678
1e-05 214.646
1e-05 214.614
1e-05 214.582
1e-05 214.55
1e-05 214.518
1e-05 214.486
1e-05 214.454
1e-05 214.422
1e-05 214.389
1e-05 214.357
1e-05 214.325
1e-05 214.293
1e-05 214.261
1e-05 214.229
1e-05 214.197
1e-05 214.165
1e-05 214.132
1e-05 214.1
1e-05 214.068
1e-05 214.036
1e-05 214.004
1e-05 213.972
1e-05 213.94
1e-05 213.908
1e-05 213.875
1e-05 213.843
1e-05 213.811
1e-05 213.779
1e-05 213.747
1e-05 213.715
1e-05 213.683
1e-05 213.651
1e-05 213.618
1e-05 213.586
1e-05 213.554
1e-05 213.522
1e-05 213.49
1e-05 213.458
1e-05 213.426
1e-05 213.394
1e-05 213.362
1e-05 213.329
1e-05 213.297
1e-05 213.265
1e-05 213.233
1e-05 213.201
1e-05 213.169
1e-05 213.137
1e-05 213.105
1e-05 213.073
1e-05 213.04
1e-05 213.008
1e-05 212.976
1e-05 212.944
1e-05 212.912
1e-05 212.88
1e-05 212.848
1e-05 212.816
1e-05 212.784
1e-05 212.751
1e-05 212.719
1e-05 212.687
1e-05 212.655
1e-05 212.623
1e-05 212.591
1e-05 212.559
1e-05 212.527
1e-05 212.495
1e-05 212.463
1e-05 212.431
1e-05 212.398
1e-05 212.366
1e-05 212.334
1e-05 212.302
1e-05 212.27
1e-05 212.238
1e-05 212.206
1e-05 212.174
1e-05 212.142
1e-05 212.11
1e-05 212.078
1e-05 212.046
1e-05 212.014
1e-05 211.982
1e-05 211.95
1e-05 211.917
1e-05 211.885
1e-05 211.853
1e-05 211.821
1e-05 211.789
1e-05 211.757
1e-05 211.725
1e-05 211.693
1e-05 211.661
1e-05 211.629
1e-05 211.597
1e-05 211.565
1e-05 211.533
1e-05 211.501
1e-05 211.469
1e-05 211.437
1e-05 211.405
1e-05 211.373
1e-05 211.341
1e-05 211.309
1e-05 211.277
1e-05 211.245
1e-05 211.213
1e-05 211.181
1e-05 211.149
1e-05 211.117
1e-05 211.085
1e-05 211.053
1e-05 211.021
1e-05 210.989
1e-05 210.957
1e-05 210.925
1e-05 210.893
1e-05 210.861
1e-05 210.829
1e-05 210.797
1e-05 210.765
1e-05 210.733
1e-05 210.701
1e-05 210.669
1e-05 210.637
1e-05 210.606
1e-05 210.574
1e-05 210.542
1e-05 210.51
1e-05 210.478
1e-05 210.446
1e-05 210.414
1e-05 210.382
1e-05 210.35
1e-05 210.318
1e-05 210.286
1e-05 210.254
1e-05 210.223
1e-05 210.191
1e-05 210.159
1e-05 210.127
1e-05 210.095
1e-05 210.063
1e-05 210.031
1e-05 209.999
1e-05 209.967
1e-05 209.936
1e-05 209.904
1e-05 209.872
1e-05 209.84
1e-05 209.808
1e-05 209.776
1e-05 209.744
1e-05 209.713
1e-05 209.681
1e-05 209.649
1e-05 209.617
1e-05 209.585
1e-05 209.554
1e-05 209.522
1e-05 209.49
1e-05 209.458
1e-05 209.426
1e-05 209.394
1e-05 209.363
1e-05 209.331
1e-05 209.299
1e-05 209.267
1e-05 209.236
1e-05 209.204
1e-05 209.172
1e-05 209.14
1e-05 209.108
1e-05 209.077
1e-05 209.045
1e-05 209.013
1e-05 208.982
1e-05 208.95
1e-05 208.918
1e-05 208.886
1e-05 208.855
1e-05 208.823
1e-05 208.791
1e-05 208.759
1e-05 208.728
1e-05 208.696
1e-05 208.664
1e-05 208.633
1e-05 208.601
1e-05 208.569
1e-05 208.538
1e-05 208.506
1e-05 208.474
1e-05 208.443
1e-05 208.411
1e-05 208.379
1e-05 208.348
1e-05 208.316
1e-05 208.284
1e-05 208.253
1e-05 208.221
1e-05 208.19
1e-05 208.158
1e-05 208.126
1e-05 208.095
1e-05 208.063
1e-05 208.032
1e-05 208
1e-05 207.968
1e-05 207.937
1e-05 207.905
1e-05 207.874
1e-05 207.842
1e-05 207.81
1e-05 207.779
1e-05 207.747
1e-05 207.716
1e-05 207.684
1e-05 207.653
1e-05 207.621
1e-05 207.59
1e-05 207.558
1e-05 207.527
1e-05 207.495
1e-05 207.464
1e-05 207.432
1e-05 207.401
1e-05 207.369
1e-05 207.338
1e-05 207.306
1e-05 207.275
1e-05 207.243
1e-05 207.212
1e-05 207.18
1e-05 207.149
1e-05 207.118
1e-05 207.086
1e-05 207.055
1e-05 207.023
1e-05 206.992
1e-05 206.961
1e-05 206.929
1e-05 206.898
1e-05 206.866
1e-05 206.835
1e-05 206.804
1e-05 206.772
1e-05 206.741
1e-05 206.709
1e-05 206.678
1e-05 206.647
1e-05 206.615
1e-05 206.584
1e-05 206.553
1e-05 206.521
1e-05 206.49
1e-05 206.459
1e-05 206.428
1e-05 206.396
1e-05 206.365
1e-05 206.334
1e-05 206.302
1e-05 206.271
1e-05 206.24
1e-05 206.209
1e-05 206.177
1e-05 206.146
1e-05 206.115
1e-05 206.084
1e-05 206.052
1e-05 206.021
1e-05 205.99
1e-05 205.959
1e-05 205.927
1e-05 205.896
1e-05 205.865
1e-05 205.834
1e-05 205.803
1e-05 205.772
1e-05 205.74
1e-05 205.709
1e-05 205.678
1e-05 205.647
1e-05 205.616
1e-05 205.585
1e-05 205.554
1e-05 205.522
1e-05 205.491
1e-05 205.46
1e-05 205.429
1e-05 205.398
1e-05 205.367
1e-05 205.336
1e-05 205.305
1e-05 205.274
1e-05 205.243
1e-05 205.212
1e-05 205.181
1e-05 205.15
1e-05 205.119
1e-05 205.088
1e-05 205.057
1e-05 205.026
1e-05 204.995
1e-05 204.964
1e-05 204.933
1e-05 204.902
1e-05 204.871
1e-05 204.84
1e-05 204.809
1e-05 204.778
1e-05 204.747
1e-05 204.716
1e-05 204.685
1e-05 204.654
1e-05 204.623
1e-05 204.592
1e-05 204.561
1e-05 204.53
1e-05 204.5
1e-05 204.469
1e-05 204.438
1e-05 204.407
1e-05 204.376
1e-05 204.345
1e-05 204.314
1e-05 204.284
1e-05 204.253
1e-05 204.222
1e-05 204.191
1e-05 204.16
1e-05 204.13
1e-05 204.099
1e-05 204.068
1e-05 204.037
1e-05 204.006
1e-05 203.976
1e-05 203.945
1e-05 203.914
1e-05 203.883
1e-05 203.853
1e-05 203.822
1e-05 203.791
1e-05 203.761
1e-05 203.73
1e-05 203.699
1e-05 203.669
1e-05 203.638
1e-05 203.607
1e-05 203.577
1e-05 203.546
1e-05 203.515
1e-05 203.485
1e-05 203.454
1e-05 203.423
1e-05 203.393
1e-05 203.362
1e-05 203.332
1e-05 203.301
1e-05 203.271
1e-05 203.24
1e-05 203.209
1e-05 203.179
1e-05 203.148
1e-05 203.118
1e-05 203.087
1e-05 203.057
1e-05 203.026
1e-05 202.996
1e-05 202.965
1e-05 202.935
1e-05 202.904
1e-05 202.874
1e-05 202.843
1e-05 202.813
1e-05 202.782
1e-05 202.752
1e-05 202.722
1e-05 202.691
1e-05 202.661
1e-05 202.63
1e-05 202.6
1e-05 202.57
1e-05 202.539
1e-05 202.509
1e-05 202.479
1e-05 202.448
1e-05 202.418
1e-05 202.387
1e-05 202.357
1e-05 202.327
1e-05 202.297
1e-05 202.266
1e-05 202.236
1e-05 202.206
1e-05 202.175
1e-05 202.145
1e-05 202.115
1e-05 202.085
1e-05 202.054
1e-05 202.024
1e-05 201.994
1e-05 201.964
1e-05 201.934
1e-05 201.903
1e-05 201.873
1e-05 201.843
1e-05 201.813
1e-05 201.783
1e-05 201.753
1e-05 201.722
1e-05 201.692
1e-05 201.662
1e-05 201.632
1e-05 201.602
1e-05 201.572
1e-05 201.542
1e-05 201.512
1e-05 201.482
1e-05 201.452
1e-05 201.422
1e-05 201.392
1e-05 201.361
1e-05 201.331
1e-05 201.301
1e-05 201.271
1e-05 201.241
1e-05 201.211
1e-05 201.182
1e-05 201.152
1e-05 201.122
1e-05 201.092
1e-05 201.062
1e-05 201.032
1e-05 201.002
1e-05 200.972
1e-05 200.942
1e-05 200.912
1e-05 200.882
1e-05 200.852
1e-05 200.823
1e-05 200.793
1e-05 200.763
1e-05 200.733
1e-05 200.703
1e-05 200.673
1e-05 200.644
1e-05 200.614
1e-05 200.584
1e-05 200.554
1e-05 200.525
1e-05 200.495
1e-05 200.465
1e-05 200.435
1e-05 200.406
1e-05 200.376
1e-05 200.346
1e-05 200.316
1e-05 200.287
1e-05 200.257
1e-05 200.227
1e-05 200.198
1e-05 200.168
1e-05 200.138
1e-05 200.109
1e-05 200.079
1e-05 200.05
1e-05 200.02
1e-05 199.99
1e-05 199.961
1e-05 199.931
1e-05 199.902
1e-05 199.872
1e-05 199.843
1e-05 199.813
1e-05 199.784
1e-05 199.754
1e-05 199.725
1e-05 199.695
1e-05 199.666
1e-05 199.636
1e-05 199.607
1e-05 199.577
1e-05 199.548
1e-05 199.518
1e-05 199.489
1e-05 199.46
1e-05 199.43
1e-05 199.401
1e-05 199.371
1e-05 199.342
1e-05 199.313
1e-05 199.283
1e-05 199.254
1e-05 199.225
1e-05 199.195
1e-05 199.166
1e-05 199.137
1e-05 199.108
1e-05 199.078
1e-05 199.049
1e-05 199.02
1e-05 198.991
1e-05 198.961
1e-05 198.932
1e-05 198.903
1e-05 198.874
1e-05 198.845
1e-05 198.815
1e-05 198.786
1e-05 198.757
1e-05 198.728
1e-05 198.699
1e-05 198.67
1e-05 198.641
1e-05 198.611
1e-05 198.582
1e-05 198.553
1e-05 198.524
1e-05 198.495
1e-05 198.466
1e-05 198.437
1e-05 198.408
1e-05 198.379
1e-05 198.35
1e-05 198.321
1e-05 198.292
1e-05 198.263
1e-05 198.234
1e-05 198.205
1e-05 198.176
1e-05 198.147
1e-05 198.118
1e-05 198.089
1e-05 198.061
1e-05 198.032
1e-05 198.003
1e-05 197.974
1e-05 197.945
1e-05 197.916
1e-05 197.887
1e-05 197.859
1e-05 197.83
1e-05 197.801
1e-05 197.772
1e-05 197.744
1e-05 197.715
1e-05 197.686
1e-05 197.657
1e-05 197.629
1e-05 197.6
1e-05 197.571
1e-05 197.542
1e-05 197.514
1e-05 197.485
1e-05 197.456
1e-05 197.428
1e-05 197.399
1e-05 197.371
1e-05 197.342
1e-05 197.313
1e-05 197.285
1e-05 197.256
1e-05 197.228
1e-05 197.199
1e-05 197.17
1e-05 197.142
1e-05 197.113
1e-05 197.085
1e-05 197.056
1e-05 197.028
1e-05 196.999
1e-05 196.971
1e-05 196.943
1e-05 196.914
1e-05 196.886
1e-05 196.857
1e-05 196.829
1e-05 196.8
1e-05 196.772
1e-05 196.744
1e-05 196.715
1e-05 196.687
1e-05 196.659
1e-05 196.63
1e-05 196.602
1e-05 196.574
1e-05 196.546
1e-05 196.517
1e-05 196.489
1e-05 196.461
1e-05 196.432
1e-05 196.404
1e-05 196.376
1e-05 196.348
1e-05 196.32
1e-05 196.291
1e-05 196.263
1e-05 196.235
1e-05 196.207
1e-05 196.179
1e-05 196.151
1e-05 196.123
1e-05 196.095
1e-05 196.067
1e-05 196.038
1e-05 196.01
1e-05 195.982
1e-05 195.954
1e-05 195.926
1e-05 195.898
1e-05 195.87
1e-05 195.842
1e-05 195.814
1e-05 195.786
1e-05 195.758
1e-05 195.731
1e-05 195.703
1e-05 195.675
1e-05 195.647
1e-05 195.619
1e-05 195.591
1e-05 195.563
1e-05 195.535
1e-05 195.507
1e-05 195.48
1e-05 195.452
1e-05 195.424
1e-05 195.396
1e-05 195.369
1e-05 195.341
1e-05 195.313
1e-05 195.285
1e-05 195.258
1e-05 195.23
1e-05 195.202
1e-05 195.174
1e-05 195.147
1e-05 195.119
1e-05 195.091
1e-05 195.064
1e-05 195.036
1e-05 195.009
1e-05 194.981
1e-05 194.953
1e-05 194.926
1e-05 194.898
1e-05 194.871
1e-05 194.843
1e-05 194.816
1e-05 194.788
1e-05 194.761
1e-05 194.733
1e-05 194.706
1e-05 194.678
1e-05 194.651
1e-05 194.623
1e-05 194.596
1e-05 194.569
1e-05 194.541
1e-05 194.514
1e-05 194.487
1e-05 194.459
1e-05 194.432
1e-05 194.405
1e-05 194.377
1e-05 194.35
1e-05 194.323
1e-05 194.295
1e-05 194.268
1e-05 194.241
1e-05 194.214
1e-05 194.186
1e-05 194.159
1e-05 194.132
1e-05 194.105
1e-05 194.078
1e-05 194.05
1e-05 194.023
1e-05 193.996
1e-05 193.969
1e-05 193.942
1e-05 193.915
1e-05 193.888
1e-05 193.861
1e-05 193.834
1e-05 193.807
1e-05 193.78
1e-05 193.753
1e-05 193.726
1e-05 193.699
1e-05 193.672
1e-05 193.645
1e-05 193.618
1e-05 193.591
1e-05 193.564
1e-05 193.537
1e-05 193.51
1e-05 193.483
1e-05 193.456
1e-05 193.43
1e-05 193.403
1e-05 193.376
1e-05 193.349
1e-05 193.322
1e-05 193.296
1e-05 193.269
1e-05 193.242
1e-05 193.215
1e-05 193.189
1e-05 193.162
1e-05 193.135
1e-05 193.109
1e-05 193.082
1e-05 193.055
1e-05 193.029
1e-05 193.002
1e-05 192.975
1e-05 192.949
1e-05 192.922
1e-05 192.896
1e-05 192.869
1e-05 192.842
1e-05 192.816
1e-05 192.789
1e-05 192.763
1e-05 192.736
1e-05 192.71
1e-05 192.684
1e-05 192.657
1e-05 192.631
1e-05 192.604
1e-05 192.578
1e-05 192.551
1e-05 192.525
1e-05 192.499
1e-05 192.472
1e-05 192.446
1e-05 192.42
1e-05 192.393
1e-05 192.367
1e-05 192.341
1e-05 192.315
1e-05 192.288
1e-05 192.262
1e-05 192.236
1e-05 192.21
1e-05 192.183
1e-05 192.157
1e-05 192.131
1e-05 192.105
1e-05 192.079
1e-05 192.053
1e-05 192.027
1e-05 192
1e-05 191.974
1e-05 191.948
1e-05 191.922
1e-05 191.896
1e-05 191.87
1e-05 191.844
1e-05 191.818
1e-05 191.792
1e-05 191.766
1e-05 191.74
1e-05 191.714
1e-05 191.688
1e-05 191.663
1e-05 191.637
1e-05 191.611
1e-05 191.585
1e-05 191.559
1e-05 191.533
1e-05 191.507
1e-05 191.482
1e-05 191.456
1e-05 191.43
1e-05 191.404
1e-05 191.378
1e-05 191.353
1e-05 191.327
1e-05 191.301
1e-05 191.276
1e-05 191.25
1e-05 191.224
1e-05 191.199
1e-05 191.173
1e-05 191.147
1e-05 191.122
1e-05 191.096
1e-05 191.071
1e-05 191.045
1e-05 191.02
1e-05 190.994
1e-05 190.968
1e-05 190.943
1e-05 190.917
1e-05 190.892
1e-05 190.867
1e-05 190.841
1e-05 190.816
1e-05 190.79
1e-05 190.765
1e-05 190.739
1e-05 190.714
1e-05 190.689
1e-05 190.663
1e-05 190.638
1e-05 190.613
1e-05 190.588
1e-05 190.562
1e-05 190.537
1e-05 190.512
1e-05 190.486
1e-05 190.461
1e-05 190.436
1e-05 190.411
1e-05 190.386
1e-05 190.361
1e-05 190.335
1e-05 190.31
1e-05 190.285
1e-05 190.26
1e-05 190.235
1e-05 190.21
1e-05 190.185
1e-05 190.16
1e-05 190.135
1e-05 190.11
1e-05 190.085
1e-05 190.06
1e-05 190.035
1e-05 190.01
1e-05 189.985
1e-05 189.96
1e-05 189.935
1e-05 189.91
1e-05 189.885
1e-05 189.861
1e-05 189.836
1e-05 189.811
1e-05 189.786
1e-05 189.761
1e-05 189.737
1e-05 189.712
1e-05 189.687
1e-05 189.662
1e-05 189.638
1e-05 189.613
1e-05 189.588
1e-05 189.564
1e-05 189.539
1e-05 189.514
1e-05 189.49
1e-05 189.465
1e-05 189.44
1e-05 189.416
1e-05 189.391
1e-05 189.367
1e-05 189.342
1e-05 189.318
1e-05 189.293
1e-05 189.269
1e-05 189.244
1e-05 189.22
1e-05 189.195
1e-05 189.171
1e-05 189.146
1e-05 189.122
1e-05 189.098
1e-05 189.073
1e-05 189.049
1e-05 189.025
1e-05 189
1e-05 188.976
1e-05 188.952
1e-05 188.927
1e-05 188.903
1e-05 188.879
1e-05 188.855
1e-05 188.831
1e-05 188.806
1e-05 188.782
1e-05 188.758
1e-05 188.734
1e-05 188.71
1e-05 188.686
1e-05 188.662
1e-05 188.637
1e-05 188.613
1e-05 188.589
1e-05 188.565
1e-05 188.541
1e-05 188.517
1e-05 188.493
1e-05 188.469
1e-05 188.445
1e-05 188.421
1e-05 188.398
1e-05 188.374
1e-05 188.35
1e-05 188.326
1e-05 188.302
1e-05 188.278
1e-05 188.254
1e-05 188.231
1e-05 188.207
1e-05 188.183
1e-05 188.159
1e-05 188.135
1e-05 188.112
1e-05 188.088
1e-05 188.064
1e-05 188.041
1e-05 188.017
1e-05 187.993
1e-05 187.97
1e-05 187.946
1e-05 187.922
1e-05 187.899
1e-05 187.875
1e-05 187.852
1e-05 187.828
1e-05 187.805
1e-05 187.781
1e-05 187.758
1e-05 187.734
1e-05 187.711
1e-05 187.687
1e-05 187.664
1e-05 187.64
1e-05 187.617
1e-05 187.594
1e-05 187.57
1e-05 187.547
1e-05 187.524
1e-05 187.5
1e-05 187.477
1e-05 187.454
1e-05 187.43
1e-05 187.407
1e-05 187.384
1e-05 187.361
1e-05 187.338
1e-05 187.314
1e-05 187.291
1e-05 187.268
1e-05 187.245
1e-05 187.222
1e-05 187.199
1e-05 187.176
1e-05 187.153
1e-05 187.13
1e-05 187.106
1e-05 187.083
1e-05 187.06
1e-05 187.037
1e-05 187.014
1e-05 186.992
1e-05 186.969
1e-05 186.946
1e-05 186.923
1e-05 186.9
1e-05 186.877
1e-05 186.854
1e-05 186.831
1e-05 186.808
1e-05 186.786
1e-05 186.763
1e-05 186.74
1e-05 186.717
1e-05 186.695
1e-05 186.672
1e-05 186.649
1e-05 186.626
1e-05 186.604
1e-05 186.581
1e-05 186.558
1e-05 186.536
1e-05 186.513
1e-05 186.491
1e-05 186.468
1e-05 186.445
1e-05 186.423
1e-05 186.4
1e-05 186.378
1e-05 186.355
1e-05 186.333
1e-05 186.31
1e-05 186.288
1e-05 186.266
1e-05 186.243
1e-05 186.221
1e-05 186.198
1e-05 186.176
1e-05 186.154
1e-05 186.131
1e-05 186.109
1e-05 186.087
1e-05 186.064
1e-05 186.042
1e-05 186.02
1e-05 185.998
1e-05 185.976
1e-05 185.953
1e-05 185.931
1e-05 185.909
1e-05 185.887
1e-05 185.865
1e-05 185.843
1e-05 185.82
1e-05 185.798
1e-05 185.776
1e-05 185.754
1e-05 185.732
1e-05 185.71
1e-05 185.688
1e-05 185.666
1e-05 185.644
1e-05 185.622
1e-05 185.6
1e-05 185.579
1e-05 185.557
1e-05 185.535
1e-05 185.513
1e-05 185.491
1e-05 185.469
1e-05 185.447
1e-05 185.426
1e-05 185.404
1e-05 185.382
1e-05 185.36
1e-05 185.339
1e-05 185.317
1e-05 185.295
1e-05 185.273
1e-05 185.252
1e-05 185.23
1e-05 185.209
1e-05 185.187
1e-05 185.165
1e-05 185.144
1e-05 185.122
1e-05 185.101
1e-05 185.079
1e-05 185.058
1e-05 185.036
1e-05 185.015
1e-05 184.993
1e-05 184.972
1e-05 184.95
1e-05 184.929
1e-05 184.908
1e-05 184.886
1e-05 184.865
1e-05 184.843
1e-05 184.822
1e-05 184.801
1e-05 184.78
1e-05 184.758
1e-05 184.737
1e-05 184.716
1e-05 184.695
1e-05 184.673
1e-05 184.652
1e-05 184.631
1e-05 184.61
1e-05 184.589
1e-05 184.568
1e-05 184.546
1e-05 184.525
1e-05 184.504
1e-05 184.483
1e-05 184.462
1e-05 184.441
1e-05 184.42
1e-05 184.399
1e-05 184.378
1e-05 184.357
1e-05 184.336
1e-05 184.315
1e-05 184.295
1e-05 184.274
1e-05 184.253
1e-05 184.232
1e-05 184.211
1e-05 184.19
1e-05 184.17
1e-05 184.149
1e-05 184.128
1e-05 184.107
1e-05 184.086
1e-05 184.066
1e-05 184.045
1e-05 184.024
1e-05 184.004
1e-05 183.983
1e-05 183.962
1e-05 183.942
1e-05 183.921
1e-05 183.901
1e-05 183.88
1e-05 183.86
1e-05 183.839
1e-05 183.819
1e-05 183.798
1e-05 183.778
1e-05 183.757
1e-05 183.737
1e-05 183.716
1e-05 183.696
1e-05 183.675
1e-05 183.655
1e-05 183.635
1e-05 183.614
1e-05 183.594
1e-05 183.574
1e-05 183.554
1e-05 183.533
1e-05 183.513
1e-05 183.493
1e-05 183.473
1e-05 183.452
1e-05 183.432
1e-05 183.412
1e-05 183.392
1e-05 183.372
1e-05 183.352
1e-05 183.332
1e-05 183.311
1e-05 183.291
1e-05 183.271
1e-05 183.251
1e-05 183.231
1e-05 183.211
1e-05 183.191
1e-05 183.171
1e-05 183.151
1e-05 183.132
1e-05 183.112
1e-05 183.092
1e-05 183.072
1e-05 183.052
1e-05 183.032
1e-05 183.012
1e-05 182.993
1e-05 182.973
1e-05 182.953
1e-05 182.933
1e-05 182.913
1e-05 182.894
1e-05 182.874
1e-05 182.854
1e-05 182.835
1e-05 182.815
1e-05 182.795
1e-05 182.776
1e-05 182.756
1e-05 182.737
1e-05 182.717
1e-05 182.698
1e-05 182.678
1e-05 182.659
1e-05 182.639
1e-05 182.62
1e-05 182.6
1e-05 182.581
1e-05 182.561
1e-05 182.542
1e-05 182.522
1e-05 182.503
1e-05 182.484
1e-05 182.464
1e-05 182.445
1e-05 182.426
1e-05 182.406
1e-05 182.387
1e-05 182.368
1e-05 182.349
1e-05 182.329
1e-05 182.31
1e-05 182.291
1e-05 182.272
1e-05 182.253
1e-05 182.234
1e-05 182.215
1e-05 182.195
1e-05 182.176
1e-05 182.157
1e-05 182.138
1e-05 182.119
1e-05 182.1
1e-05 182.081
1e-05 182.062
1e-05 182.043
1e-05 182.024
1e-05 182.005
1e-05 181.986
1e-05 181.968
1e-05 181.949
1e-05 181.93
1e-05 181.911
1e-05 181.892
1e-05 181.873
1e-05 181.855
1e-05 181.836
1e-05 181.817
1e-05 181.798
1e-05 181.78
1e-05 181.761
1e-05 181.742
1e-05 181.724
1e-05 181.705
1e-05 181.686
1e-05 181.668
1e-05 181.649
1e-05 181.631
1e-05 181.612
1e-05 181.593
1e-05 181.575
1e-05 181.556
1e-05 181.538
1e-05 181.519
1e-05 181.501
1e-05 181.482
1e-05 181.464
1e-05 181.446
1e-05 181.427
1e-05 181.409
1e-05 181.391
1e-05 181.372
1e-05 181.354
1e-05 181.336
1e-05 181.317
1e-05 181.299
1e-05 181.281
1e-05 181.263
1e-05 181.244
1e-05 181.226
1e-05 181.208
1e-05 181.19
1e-05 181.172
1e-05 181.153
1e-05 181.135
1e-05 181.117
1e-05 181.099
1e-05 181.081
1e-05 181.063
1e-05 181.045
1e-05 181.027
1e-05 181.009
1e-05 180.991
1e-05 180.973
1e-05 180.955
1e-05 180.937
1e-05 180.919
1e-05 180.901
1e-05 180.884
1e-05 180.866
1e-05 180.848
1e-05 180.83
1e-05 180.812
1e-05 180.794
1e-05 180.777
1e-05 180.759
1e-05 180.741
1e-05 180.723
1e-05 180.706
1e-05 180.688
1e-05 180.67
1e-05 180.653
1e-05 180.635
1e-05 180.617
1e-05 180.6
1e-05 180.582
1e-05 180.565
1e-05 180.547
1e-05 180.53
1e-05 180.512
1e-05 180.495
1e-05 180.477
1e-05 180.46
1e-05 180.442
1e-05 180.425
1e-05 180.407
1e-05 180.39
1e-05 180.373
1e-05 180.355
1e-05 180.338
1e-05 180.321
1e-05 180.303
1e-05 180.286
1e-05 180.269
1e-05 180.252
1e-05 180.234
1e-05 180.217
1e-05 180.2
1e-05 180.183
1e-05 180.165
1e-05 180.148
1e-05 180.131
1e-05 180.114
1e-05 180.097
1e-05 180.08
1e-05 180.063
1e-05 180.046
1e-05 180.029
1e-05 180.012
1e-05 179.995
1e-05 179.978
1e-05 179.961
1e-05 179.944
1e-05 179.927
1e-05 179.91
1e-05 179.893
1e-05 179.876
1e-05 179.859
1e-05 179.842
1e-05 179.826
1e-05 179.809
1e-05 179.792
1e-05 179.775
1e-05 179.758
1e-05 179.742
1e-05 179.725
1e-05 179.708
1e-05 179.692
1e-05 179.675
1e-05 179.658
1e-05 179.642
1e-05 179.625
1e-05 179.608
1e-05 179.592
1e-05 179.575
1e-05 179.559
1e-05 179.542
1e-05 179.526
1e-05 179.509
1e-05 179.493
1e-05 179.476
1e-05 179.46
1e-05 179.443
1e-05 179.427
1e-05 179.41
1e-05 179.394
1e-05 179.378
1e-05 179.361
1e-05 179.345
1e-05 179.329
1e-05 179.312
1e-05 179.296
1e-05 179.28
1e-05 179.263
1e-05 179.247
1e-05 179.231
1e-05 179.215
1e-05 179.199
1e-05 179.182
1e-05 179.166
1e-05 179.15
1e-05 179.134
1e-05 179.118
1e-05 179.102
1e-05 179.086
1e-05 179.07
1e-05 179.054
1e-05 179.038
1e-05 179.022
1e-05 179.006
1e-05 178.99
1e-05 178.974
1e-05 178.958
1e-05 178.942
1e-05 178.926
1e-05 178.91
1e-05 178.894
1e-05 178.878
1e-05 178.863
1e-05 178.847
1e-05 178.831
1e-05 178.815
1e-05 178.799
1e-05 178.784
1e-05 178.768
1e-05 178.752
1e-05 178.736
1e-05 178.721
1e-05 178.705
1e-05 178.689
1e-05 178.674
1e-05 178.658
1e-05 178.643
1e-05 178.627
1e-05 178.611
1e-05 178.596
1e-05 178.58
1e-05 178.565
1e-05 178.549
1e-05 178.534
1e-05 178.518
1e-05 178.503
1e-05 178.488
1e-05 178.472
1e-05 178.457
1e-05 178.441
1e-05 178.426
1e-05 178.411
1e-05 178.395
1e-05 178.38
1e-05 178.365
1e-05 178.349
1e-05 178.334
1e-05 178.319
1e-05 178.304
1e-05 178.288
1e-05 178.273
1e-05 178.258
1e-05 178.243
1e-05 178.228
1e-05 178.213
1e-05 178.197
1e-05 178.182
1e-05 178.167
1e-05 178.152
1e-05 178.137
1e-05 178.122
1e-05 178.107
1e-05 178.092
1e-05 178.077
1e-05 178.062
1e-05 178.047
1e-05 178.032
1e-05 178.017
1e-05 178.002
1e-05 177.988
1e-05 177.973
1e-05 177.958
1e-05 177.943
1e-05 177.928
1e-05 177.913
1e-05 177.899
1e-05 177.884
1e-05 177.869
1e-05 177.854
1e-05 177.84
1e-05 177.825
1e-05 177.81
1e-05 177.795
1e-05 177.781
1e-05 177.766
1e-05 177.752
1e-05 177.737
1e-05 177.722
1e-05 177.708
1e-05 177.693
1e-05 177.679
1e-05 177.664
1e-05 177.65
1e-05 177.635
1e-05 177.621
1e-05 177.606
1e-05 177.592
1e-05 177.577
1e-05 177.563
1e-05 177.548
1e-05 177.534
1e-05 177.52
1e-05 177.505
1e-05 177.491
1e-05 177.477
1e-05 177.462
1e-05 177.448
1e-05 177.434
1e-05 177.42
1e-05 177.405
1e-05 177.391
1e-05 177.377
1e-05 177.363
1e-05 177.349
1e-05 177.334
1e-05 177.32
1e-05 177.306
1e-05 177.292
1e-05 177.278
1e-05 177.264
1e-05 177.25
1e-05 177.236
1e-05 177.222
1e-05 177.208
1e-05 177.194
1e-05 177.18
1e-05 177.166
1e-05 177.152
1e-05 177.138
1e-05 177.124
1e-05 177.11
1e-05 177.096
1e-05 177.082
1e-05 177.068
1e-05 177.055
1e-05 177.041
1e-05 177.027
1e-05 177.013
1e-05 176.999
1e-05 176.986
1e-05 176.972
1e-05 176.958
1e-05 176.944
1e-05 176.931
1e-05 176.917
1e-05 176.903
1e-05 176.89
1e-05 176.876
1e-05 176.863
1e-05 176.849
1e-05 176.835
1e-05 176.822
1e-05 176.808
1e-05 176.795
1e-05 176.781
1e-05 176.768
1e-05 176.754
1e-05 176.741
1e-05 176.727
1e-05 176.714
1e-05 176.7
1e-05 176.687
1e-05 176.674
1e-05 176.66
1e-05 176.647
1e-05 176.633
1e-05 176.62
1e-05 176.607
1e-05 176.594
1e-05 176.58
1e-05 176.567
1e-05 176.554
1e-05 176.54
1e-05 176.527
1e-05 176.514
1e-05 176.501
1e-05 176.488
1e-05 176.475
1e-05 176.461
1e-05 176.448
1e-05 176.435
1e-05 176.422
1e-05 176.409
1e-05 176.396
1e-05 176.383
1e-05 176.37
1e-05 176.357
1e-05 176.344
1e-05 176.331
1e-05 176.318
1e-05 176.305
1e-05 176.292
1e-05 176.279
1e-05 176.266
1e-05 176.253
1e-05 176.24
1e-05 176.227
1e-05 176.215
1e-05 176.202
1e-05 176.189
1e-05 176.176
1e-05 176.163
1e-05 176.151
1e-05 176.138
1e-05 176.125
1e-05 176.112
1e-05 176.1
1e-05 176.087
1e-05 176.074
1e-05 176.062
1e-05 176.049
1e-05 176.036
1e-05 176.024
1e-05 176.011
1e-05 175.998
1e-05 175.986
1e-05 175.973
1e-05 175.961
1e-05 175.948
1e-05 175.936
1e-05 175.923
1e-05 175.911
1e-05 175.898
1e-05 175.886
1e-05 175.873
1e-05 175.861
1e-05 175.849
1e-05 175.836
1e-05 175.824
1e-05 175.811
1e-05 175.799
1e-05 175.787
1e-05 175.774
1e-05 175.762
1e-05 175.75
1e-05 175.738
1e-05 175.725
1e-05 175.713
1e-05 175.701
1e-05 175.689
1e-05 175.676
1e-05 175.664
1e-05 175.652
1e-05 175.64
1e-05 175.628
1e-05 175.616
1e-05 175.603
1e-05 175.591
1e-05 175.579
1e-05 175.567
1e-05 175.555
1e-05 175.543
1e-05 175.531
1e-05 175.519
1e-05 175.507
1e-05 175.495
1e-05 175.483
1e-05 175.471
1e-05 175.459
1e-05 175.447
1e-05 175.436
1e-05 175.424
1e-05 175.412
1e-05 175.4
1e-05 175.388
1e-05 175.376
1e-05 175.364
1e-05 175.353
1e-05 175.341
1e-05 175.329
1e-05 175.317
1e-05 175.306
1e-05 175.294
1e-05 175.282
1e-05 175.27
1e-05 175.259
1e-05 175.247
1e-05 175.235
1e-05 175.224
1e-05 175.212
1e-05 175.201
1e-05 175.189
1e-05 175.177
1e-05 175.166
1e-05 175.154
1e-05 175.143
1e-05 175.131
1e-05 175.12
1e-05 175.108
1e-05 175.097
1e-05 175.085
1e-05 175.074
1e-05 175.062
1e-05 175.051
1e-05 175.04
1e-05 175.028
1e-05 175.017
1e-05 175.005
1e-05 174.994
1e-05 174.983
1e-05 174.971
1e-05 174.96
1e-05 174.949
1e-05 174.938
1e-05 174.926
1e-05 174.915
1e-05 174.904
1e-05 174.893
1e-05 174.881
1e-05 174.87
1e-05 174.859
1e-05 174.848
1e-05 174.837
1e-05 174.826
1e-05 174.814
1e-05 174.803
1e-05 174.792
1e-05 174.781
1e-05 174.77
1e-05 174.759
1e-05 174.748
1e-05 174.737
1e-05 174.726
1e-05 174.715
1e-05 174.704
1e-05 174.693
1e-05 174.682
1e-05 174.671
1e-05 174.66
1e-05 174.649
1e-05 174.638
1e-05 174.628
1e-05 174.617
1e-05 174.606
1e-05 174.595
1e-05 174.584
1e-05 174.573
1e-05 174.563
1e-05 174.552
1e-05 174.541
1e-05 174.53
1e-05 174.52
1e-05 174.509
1e-05 174.498
1e-05 174.487
1e-05 174.477
1e-05 174.466
1e-05 174.455
1e-05 174.445
1e-05 174.434
1e-05 174.423
1e-05 174.413
1e-05 174.402
1e-05 174.392
1e-05 174.381
1e-05 174.371
1e-05 174.36
1e-05 174.35
1e-05 174.339
1e-05 174.329
1e-05 174.318
1e-05 174.308
1e-05 174.297
1e-05 174.287
1e-05 174.276
1e-05 174.266
1e-05 174.255
1e-05 174.245
1e-05 174.235
1e-05 174.224
1e-05 174.214
1e-05 174.204
1e-05 174.193
1e-05 174.183
1e-05 174.173
1e-05 174.163
1e-05 174.152
1e-05 174.142
1e-05 174.132
1e-05 174.122
1e-05 174.111
1e-05 174.101
1e-05 174.091
1e-05 174.081
1e-05 174.071
1e-05 174.061
1e-05 174.05
1e-05 174.04
1e-05 174.03
1e-05 174.02
1e-05 174.01
1e-05 174
1e-05 173.99
1e-05 173.98
1e-05 173.97
1e-05 173.96
1e-05 173.95
1e-05 173.94
1e-05 173.93
1e-05 173.92
1e-05 173.91
1e-05 173.9
1e-05 173.89
1e-05 173.88
1e-05 173.87
1e-05 173.86
1e-05 173.851
1e-05 173.841
1e-05 173.831
1e-05 173.821
1e-05 173.811
1e-05 173.802
1e-05 173.792
1e-05 173.782
1e-05 173.772
1e-05 173.762
1e-05 173.753
1e-05 173.743
1e-05 173.733
1e-05 173.724
1e-05 173.714
1e-05 173.704
1e-05 173.695
1e-05 173.685
1e-05 173.675
1e-05 173.666
1e-05 173.656
1e-05 173.647
1e-05 173.637
1e-05 173.627
1e-05 173.618
1e-05 173.608
1e-05 173.599
1e-05 173.589
1e-05 173.58
1e-05 173.57
1e-05 173.561
1e-05 173.551
1e-05 173.542
1e-05 173.532
1e-05 173.523
1e-05 173.514
1e-05 173.504
1e-05 173.495
1e-05 173.485
1e-05 173.476
1e-05 173.467
1e-05 173.457
1e-05 173.448
1e-05 173.439
1e-05 173.43
1e-05 173.42
1e-05 173.411
1e-05 173.402
1e-05 173.392
1e-05 173.383
1e-05 173.374
1e-05 173.365
1e-05 173.356
1e-05 173.346
1e-05 173.337
1e-05 173.328
1e-05 173.319
1e-05 173.31
1e-05 173.301
1e-05 173.292
1e-05 173.283
1e-05 173.273
1e-05 173.264
1e-05 173.255
1e-05 173.246
1e-05 173.237
